
#  x                    y
   0.00000000       0.00000000    
  0.149999991      0.259685129    
  0.299999982      0.519125223    
  0.449999958      0.778320372    
  0.599999964       1.03727043    
  0.749999881       1.29597557    
  0.899999857       1.55443561    
   1.04999983       1.81265068    
   1.19999981       2.07062078    
   1.34999979       2.32834578    
   1.49999976       2.58582592    
   1.64999962       2.84306097    
   1.79999959       3.10005093    
   1.94999957       3.35679603    
   2.09999967       3.61329651    
   2.24999976       3.86955166    
   2.39999986       4.12556171    
   2.54999995       4.38132715    
   2.70000005       4.63684750    
   2.84999990       4.89212275    
   3.00000000       5.14715338    
   3.15000010       5.40193844    
   3.30000019       5.65647840    
   3.45000029       5.91077375    
   3.60000038       6.16482401    
   3.75000024       6.41862917    
   3.90000010       6.67218876    
   4.04999971       6.92550373    
   4.19999981       7.17857361    
   4.34999943       7.43139839    
   4.49999952       7.68397808    
   4.64999914       7.93631268    
   4.79999924       8.18840313    
   4.94999886       8.44024754    
   5.09999895       8.69184780    
   5.24999857       8.94320297    
   5.39999866       9.19431210    
   5.54999828       9.44517708    
   5.69999838       9.69579697    
   5.84999800       9.94617271    
   5.99999809       10.1963024    
   6.14999771       10.4461870    
   6.29999781       10.6958265    
   6.44999743       10.9452219    
   6.59999752       11.1943722    
   6.74999714       11.4432764    
   6.89999723       11.6919365    
   7.04999685       11.9403515    
   7.19999647       12.1885214    
   7.34999657       12.4364462    
   7.49999619       12.6841259    
   7.64999676       12.9315615    
   7.79999638       13.1787519    
   7.94999647       13.4256964    
   8.09999657       13.6723957    
   8.24999619       13.9188509    
   8.39999580       14.1650610    
   8.54999542       14.4110260    
   8.69999599       14.6567459    
   8.84999561       14.9022207    
   8.99999523       15.1474504    
   9.14999485       15.3924360    
   9.29999542       15.6371746    
   9.44999504       15.8816700    
   9.59999466       16.1259193    
   9.74999428       16.3699245    
   9.89999485       16.6136856    
   10.0499945       16.8572006    
   10.1999941       17.1004715    
   10.3499937       17.3434944    
   10.4999933       17.5862732    
   10.6499939       17.8288097    
   10.7999935       18.0710983    
   10.9499931       18.3131447    
   11.0999928       18.5549450    
   11.2499933       18.7964993    
   11.3999929       19.0378094    
   11.5499926       19.2788754    
   11.6999922       19.5196934    
   11.8499928       19.7602673    
   11.9999924       20.0005989    
   12.1499920       20.2406826    
   12.2999916       20.4805241    
   12.4499922       20.7201195    
   12.5999918       20.9594688    
   12.7499914       21.1985741    
   12.8999910       21.4374332    
   13.0499916       21.6760464    
   13.1999912       21.9144173    
   13.3499908       22.1525421    
   13.4999905       22.3904228    
   13.6499910       22.6280575    
   13.7999907       22.8654480    
   13.9499903       23.1025925    
   14.0999899       23.3394928    
   14.2499895       23.5761490    
   14.3999901       23.8125591    
   14.5499897       24.0487213    
   14.6999893       24.2846413    
   14.8499889       24.5203171    
   14.9999895       24.7557468    
   15.1499901       24.9909344    
   15.2999897       25.2258739    
   15.4499893       25.4605694    
   15.5999899       25.6950169    
   15.7499895       25.9292221    
   15.8999891       26.1631832    
   16.0499897       26.3968983    
   16.1999893       26.6303673    
   16.3499889       26.8635921    
   16.4999886       27.0965729    
   16.6499882       27.3293076    
   16.7999878       27.5617981    
   16.9499874       27.7940407    
   17.0999870       28.0260410    
   17.2499886       28.2577972    
   17.3999882       28.4893074    
   17.5499878       28.7205715    
   17.6999874       28.9515915    
   17.8499870       29.1823673    
   17.9999866       29.4128971    
   18.1499863       29.6431828    
   18.2999859       29.8732204    
   18.4499874       30.1030159    
   18.5999870       30.3325672    
   18.7499866       30.5618725    
   18.8999863       30.7909336    
   19.0499859       31.0197449    
   19.1999855       31.2483139    
   19.3499851       31.4766388    
   19.4999847       31.7047195    
   19.6499863       31.9325542    
   19.7999859       32.1601448    
   19.9499855       32.3874893    
   20.0999851       32.6145897    
   20.2499847       32.8414459    
   20.3999844       33.0680542    
   20.5499840       33.2944221    
   20.6999836       33.5205421    
   20.8499832       33.7464142    
   20.9999847       33.9720459    
   21.1499844       34.1974335    
   21.2999840       34.4225731    
   21.4499836       34.6474686    
   21.5999832       34.8721161    
   21.7499828       35.0965195    
   21.8999825       35.3206787    
   22.0499821       35.5445938    
   22.1999836       35.7682648    
   22.3499832       35.9916878    
   22.4999828       36.2148705    
   22.6499825       36.4378052    
   22.7999821       36.6604958    
   22.9499817       36.8829384    
   23.0999813       37.1051407    
   23.2499809       37.3270950    
   23.3999825       37.5488052    
   23.5499821       37.7702713    
   23.6999817       37.9914894    
   23.8499813       38.2124634    
   23.9999809       38.4331970    
   24.1499805       38.6536789    
   24.2999802       38.8739204    
   24.4499798       39.0939102    
   24.5999794       39.3136635    
   24.7499809       39.5331688    
   24.8999805       39.7524261    
   25.0499802       39.9714432    
   25.1999798       40.1902122    
   25.3499794       40.4087372    
   25.4999790       40.6270180    
   25.6499786       40.8450546    
   25.7999783       41.0628433    
   25.9499798       41.2803879    
   26.0999794       41.4976883    
   26.2499790       41.7147446    
   26.3999786       41.9315529    
   26.5499783       42.1481209    
   26.6999779       42.3644409    
   26.8499775       42.5805130    
   26.9999771       42.7963448    
   27.1499786       43.0119247    
   27.2999783       43.2272644    
   27.4499779       43.4423599    
   27.5999775       43.6572113    
   27.7499771       43.8718185    
   27.8999767       44.0861778    
   28.0499763       44.3002930    
   28.1999760       44.5141602    
   28.3499756       44.7277870    
   28.4999771       44.9411697    
   28.6499767       45.1543045    
   28.7999763       45.3671913    
   28.9499760       45.5798378    
   29.0999756       45.7922363    
   29.2499752       46.0043945    
   29.3999748       46.2163048    
   29.5499744       46.4279671    
   29.6999760       46.6393890    
   29.8499756       46.8505630    
   29.9999752       47.0614891    
   30.1499767       47.2721786    
   30.2999763       47.4826202    
   30.4499760       47.6928139    
   30.5999756       47.9027634    
   30.7499752       48.1124687    
   30.8999748       48.3219299    
   31.0499763       48.5311432    
   31.1999760       48.7401161    
   31.3499756       48.9488411    
   31.4999752       49.1573219    
   31.6499748       49.3655548    
   31.7999744       49.5735474    
   31.9499741       49.7812920    
   32.0999756       49.9887886    
   32.2499733       50.1960411    
   32.3999748       50.4030533    
   32.5499725       50.6098175    
   32.6999741       50.8163376    
   32.8499756       51.0226135    
   32.9999733       51.2286453    
   33.1499748       51.4344292    
   33.2999725       51.6399689    
   33.4499741       51.8452644    
   33.5999718       52.0503159    
   33.7499733       52.2551193    
   33.8999710       52.4596786    
   34.0499725       52.6639938    
   34.1999741       52.8680649    
   34.3499718       53.0718918    
   34.4999733       53.2754707    
   34.6499710       53.4788055    
   34.7999725       53.6818924    
   34.9499702       53.8847351    
   35.0999718       54.0873375    
   35.2499695       54.2896919    
   35.3999710       54.4918022    
   35.5499725       54.6936684    
   35.6999702       54.8952866    
   35.8499718       55.0966644    
   35.9999695       55.2977943    
   36.1499710       55.4986801    
   36.2999687       55.6993179    
   36.4499702       55.8997154    
   36.5999718       56.0998650    
   36.7499695       56.2997704    
   36.8999710       56.4994278    
   37.0499687       56.6988411    
   37.1999702       56.8980141    
   37.3499680       57.0969353    
   37.4999695       57.2956200    
   37.6499672       57.4940491    
   37.7999687       57.6922455    
   37.9499702       57.8901863    
   38.0999680       58.0878906    
   38.2499695       58.2853432    
   38.3999672       58.4825554    
   38.5499687       58.6795197    
   38.6999664       58.8762436    
   38.8499680       59.0727119    
   38.9999657       59.2689400    
   39.1499672       59.4649277    
   39.2999687       59.6606636    
   39.4499664       59.8561630    
   39.5999680       60.0514107    
   39.7499657       60.2464180    
   39.8999672       60.4411774    
   40.0499649       60.6356964    
   40.1999664       60.8299599    
   40.3499680       61.0239906    
   40.4999657       61.2177658    
   40.6499672       61.4113045    
   40.7999649       61.6045914    
   40.9499664       61.7976418    
   41.0999641       61.9904366    
   41.2499657       62.1829948    
   41.3999634       62.3753014    
   41.5499649       62.5673714    
   41.6999664       62.7591896    
   41.8499641       62.9507599    
   41.9999657       63.1420937    
   42.1499634       63.3331757    
   42.2999649       63.5240173    
   42.4499626       63.7146111    
   42.5999641       63.9049644    
   42.7499619       64.0950623    
   42.8999634       64.2849274    
   43.0499649       64.4745407    
   43.1999626       64.6639175    
   43.3499641       64.8530350    
   43.4999619       65.0419235    
   43.6499634       65.2305527    
   43.7999611       65.4189453    
   43.9499626       65.6070862    
   44.0999641       65.7949905    
   44.2499619       65.9826431    
   44.3999634       66.1700516    
   44.5499611       66.3572159    
   44.6999626       66.5441360    
   44.8499603       66.7308121    
   44.9999619       66.9172363    
   45.1499596       67.1034317    
   45.2999611       67.2893677    
   45.4499626       67.4750671    
   45.5999603       67.6605072    
   45.7499619       67.8457184    
   45.8999596       68.0306778    
   46.0499611       68.2153931    
   46.1999588       68.3998642    
   46.3499603       68.5840912    
   46.4999580       68.7680664    
   46.6499596       68.9518051    
   46.7999611       69.1352921    
   46.9499588       69.3185425    
   47.0999603       69.5015411    
   47.2499580       69.6842880    
   47.3999596       69.8668060    
   47.5499573       70.0490646    
   47.6999588       70.2310867    
   47.8499603       70.4128571    
   47.9999580       70.5943909    
   48.1499596       70.7756729    
   48.2999573       70.9567184    
   48.4499588       71.1375122    
   48.5999565       71.3180695    
   48.7499580       71.4983673    
   48.8999557       71.6784286    
   49.0499573       71.8582458    
   49.1999588       72.0378189    
   49.3499565       72.2171402    
   49.4999580       72.3962250    
   49.6499557       72.5750504    
   49.7999573       72.7536469    
   49.9499550       72.9319916    
   50.0999565       73.1100845    
   50.2499542       73.2879410    
   50.3999557       73.4655457    
   50.5499573       73.6429214    
   50.6999550       73.8200378    
   50.8499565       73.9969177    
   50.9999542       74.1735382    
   51.1499557       74.3499298    
   51.2999535       74.5260696    
   51.4499550       74.7019653    
   51.5999565       74.8776093    
   51.7499542       75.0530243    
   51.8999557       75.2281799    
   52.0499535       75.4030991    
   52.1999550       75.5777588    
   52.3499527       75.7521896    
   52.4999542       75.9263687    
   52.6499519       76.1002960    
   52.7999535       76.2739944    
   52.9499550       76.4474335    
   53.0999527       76.6206360    
   53.2499542       76.7935944    
   53.3999519       76.9663010    
   53.5499535       77.1387634    
   53.6999512       77.3109894    
   53.8499527       77.4829636    
   53.9999504       77.6546936    
   54.1499519       77.8261795    
   54.2999535       77.9974213    
   54.4499512       78.1684113    
   54.5999527       78.3391647    
   54.7499504       78.5096664    
   54.8999519       78.6799316    
   55.0499496       78.8499451    
   55.1999512       79.0197144    
   55.3499527       79.1892395    
   55.4999504       79.3585129    
   55.6499519       79.5275574    
   55.7999496       79.6963425    
   55.9499512       79.8648911    
   56.0999489       80.0331879    
   56.2499504       80.2012482    
   56.3999481       80.3690491    
   56.5499496       80.5366211    
   56.6999512       80.7039413    
   56.8499489       80.8710175    
   56.9999504       81.0378418    
   57.1499481       81.2044296    
   57.2999496       81.3707657    
   57.4499474       81.5368652    
   57.5999489       81.7027130    
   57.7499466       81.8683243    
   57.8999481       82.0336761    
   58.0499496       82.1987915    
   58.1999474       82.3636627    
   58.3499489       82.5282898    
   58.4999466       82.6926727    
   58.6499481       82.8568039    
   58.7999458       83.0206985    
   58.9499474       83.1843414    
   59.0999489       83.3477402    
   59.2499466       83.5108948    
   59.3999481       83.6738052    
   59.5499458       83.8364716    
   59.6999474       83.9988937    
   59.8499451       84.1610641    
   59.9999466       84.3229980    
   60.1499481       84.4846878    
   60.2999535       84.6461258    
   60.4499550       84.8073273    
   60.5999603       84.9682846    
   60.7499619       85.1289902    
   60.8999672       85.2894516    
   61.0499687       85.4496765    
   61.1999741       85.6096497    
   61.3499756       85.7693710    
   61.4999809       85.9288559    
   61.6499825       86.0881042    
   61.7999878       86.2470932    
   61.9499893       86.4058380    
   62.0999947       86.5643463    
   62.2499962       86.7226028    
   62.4000015       86.8806152    
   62.5500031       87.0383835    
   62.7000084       87.1959076    
   62.8500099       87.3531876    
   63.0000153       87.5102234    
   63.1500168       87.6670151    
   63.3000221       87.8235550    
   63.4500237       87.9798508    
   63.6000290       88.1359024    
   63.7500305       88.2917175    
   63.9000359       88.4472809    
   64.0500412       88.6025925    
   64.2000427       88.7576752    
   64.3500443       88.9124985    
   64.5000458       89.0670776    
   64.6500549       89.2214203    
   64.8000565       89.3755188    
   64.9500580       89.5293579    
   65.1000595       89.6829681    
   65.2500687       89.8363266    
   65.4000702       89.9894409    
   65.5500717       90.1423035    
   65.7000732       90.2949295    
   65.8500824       90.4473114    
   66.0000839       90.5994415    
   66.1500854       90.7513275    
   66.3000870       90.9029770    
   66.4500961       91.0543747    
   66.6000977       91.2055283    
   66.7500992       91.3564301    
   66.9001007       91.5070953    
   67.0501099       91.6575165    
   67.2001114       91.8076859    
   67.3501129       91.9576187    
   67.5001144       92.1072998    
   67.6501236       92.2567368    
   67.8001251       92.4059296    
   67.9501266       92.5548859    
   68.1001282       92.7035828    
   68.2501373       92.8520432    
   68.4001389       93.0002594    
   68.5501404       93.1482239    
   68.7001419       93.2959442    
   68.8501511       93.4434204    
   69.0001526       93.5906677    
   69.1501541       93.7376480    
   69.3001556       93.8843842    
   69.4501648       94.0308914    
   69.6001663       94.1771469    
   69.7501678       94.3231506    
   69.9001694       94.4689102    
   70.0501785       94.6144333    
   70.2001801       94.7597046    
   70.3501816       94.9047318    
   70.5001831       95.0495224    
   70.6501923       95.1940536    
   70.8001938       95.3383484    
   70.9501953       95.4823914    
   71.1001968       95.6262054    
   71.2502060       95.7697601    
   71.4002075       95.9130707    
   71.5502090       96.0561447    
   71.7002106       96.1989594    
   71.8502197       96.3415375    
   72.0002213       96.4838715    
   72.1502228       96.6259613    
   72.3002243       96.7678070    
   72.4502335       96.9094009    
   72.6002350       97.0507584    
   72.7502365       97.1918640    
   72.9002380       97.3327255    
   73.0502472       97.4733429    
   73.2002487       97.6137161    
   73.3502502       97.7538452    
   73.5002518       97.8937225    
   73.6502609       98.0333710    
   73.8002625       98.1727600    
   73.9502640       98.3119125    
   74.1002655       98.4508133    
   74.2502747       98.5894699    
   74.4002762       98.7278748    
   74.5502777       98.8660431    
   74.7002792       99.0039673    
   74.8502884       99.1416397    
   75.0002899       99.2790909    
   75.1502914       99.4162750    
   75.3002930       99.5532150    
   75.4503021       99.6899109    
   75.6003036       99.8263626    
   75.7503052       99.9625626    
   75.9003067       100.098526    
   76.0503159       100.234253    
   76.2003174       100.369728    
   76.3503189       100.504951    
   76.5003204       100.639938    
   76.6503296       100.774673    
   76.8003311       100.909164    
   76.9503326       101.043404    
   77.1003342       101.177422    
   77.2503433       101.311172    
   77.4003448       101.444687    
   77.5503464       101.577957    
   77.7003479       101.710968    
   77.8503571       101.843750    
   78.0003586       101.976280    
   78.1503601       102.108582    
   78.3003616       102.240616    
   78.4503708       102.372414    
   78.6003723       102.503967    
   78.7503738       102.635269    
   78.9003754       102.766327    
   79.0503845       102.897148    
   79.2003860       103.027733    
   79.3503876       103.158051    
   79.5003891       103.288139    
   79.6503983       103.417969    
   79.8003998       103.547562    
   79.9504013       103.676910    
   80.1004028       103.806007    
   80.2504120       103.934875    
   80.4004135       104.063492    
   80.5504150       104.191856    
   80.7004166       104.319977    
   80.8504257       104.447845    
   81.0004272       104.575485    
   81.1504288       104.702866    
   81.3004303       104.830017    
   81.4504395       104.956909    
   81.6004410       105.083565    
   81.7504425       105.209969    
   81.9004440       105.336128    
   82.0504532       105.462051    
   82.2004547       105.587715    
   82.3504562       105.713150    
   82.5004578       105.838333    
   82.6504593       105.963272    
   82.8004684       106.087959    
   82.9504700       106.212402    
   83.1004715       106.336609    
   83.2504730       106.460556    
   83.4004822       106.584290    
   83.5504837       106.707748    
   83.7004852       106.830971    
   83.8504868       106.953949    
   84.0004959       107.076675    
   84.1504974       107.199158    
   84.3004990       107.321396    
   84.4505005       107.443390    
   84.6005096       107.565163    
   84.7505112       107.686661    
   84.9005127       107.807922    
   85.0505142       107.928940    
   85.2005234       108.049713    
   85.3505249       108.170235    
   85.5005264       108.290512    
   85.6505280       108.410568    
   85.8005371       108.530350    
   85.9505386       108.649902    
   86.1005402       108.769196    
   86.2505417       108.888260    
   86.4005508       109.007065    
   86.5505524       109.125626    
   86.7005539       109.243965    
   86.8505554       109.362038    
   87.0005646       109.479866    
   87.1505661       109.597458    
   87.3005676       109.714798    
   87.4505692       109.831886    
   87.6005783       109.948738    
   87.7505798       110.065353    
   87.9005814       110.181717    
   88.0505829       110.297836    
   88.2005920       110.413696    
   88.3505936       110.529327    
   88.5005951       110.644699    
   88.6505966       110.759842    
   88.8006058       110.874741    
   88.9506073       110.989388    
   89.1006088       111.103790    
   89.2506104       111.217941    
   89.4006195       111.331848    
   89.5506210       111.445518    
   89.7006226       111.558937    
   89.8506241       111.672127    
   90.0006332       111.785049    
   90.1506348       111.897743    
   90.3006363       112.010178    
   90.4506378       112.122375    
   90.6006470       112.234329    
   90.7506485       112.346024    
   90.9006500       112.457504    
   91.0506516       112.568718    
   91.2006607       112.679688    
   91.3506622       112.790413    
   91.5006638       112.900894    
   91.6506653       113.011124    
   91.8006744       113.121109    
   91.9506760       113.230873    
   92.1006775       113.340378    
   92.2506790       113.449631    
   92.4006882       113.558640    
   92.5506897       113.667404    
   92.7006912       113.775925    
   92.8506927       113.884193    
   93.0007019       113.992233    
   93.1507034       114.100021    
   93.3007050       114.207565    
   93.4507065       114.314857    
   93.6007156       114.421906    
   93.7507172       114.528709    
   93.9007187       114.635269    
   94.0507202       114.741600    
   94.2007294       114.847672    
   94.3507309       114.953491    
   94.5007324       115.059067    
   94.6507339       115.164406    
   94.8007431       115.269501    
   94.9507446       115.374344    
   95.1007462       115.478958    
   95.2507477       115.583313    
   95.4007568       115.687416    
   95.5507584       115.791283    
   95.7007599       115.894897    
   95.8507614       115.998276    
   96.0007706       116.101402    
   96.1507721       116.204300    
   96.3007736       116.306946    
   96.4507751       116.409332    
   96.6007843       116.511490    
   96.7507858       116.613388    
   96.9007874       116.715042    
   97.0507889       116.816467    
   97.2007980       116.917648    
   97.3507996       117.018570    
   97.5008011       117.119247    
   97.6508026       117.219681    
   97.8008118       117.319870    
   97.9508133       117.419815    
   98.1008148       117.519516    
   98.2508163       117.618980    
   98.4008255       117.718193    
   98.5508270       117.817154    
   98.7008286       117.915878    
   98.8508301       118.014343    
   99.0008392       118.112579    
   99.1508408       118.210556    
   99.3008423       118.308319    
   99.4508438       118.405807    
   99.6008530       118.503052    
   99.7508545       118.600067    
   99.9008560       118.696823    
   100.050858       118.793335    
   100.200867       118.889603    
   100.350868       118.985641    
   100.500870       119.081421    
   100.650871       119.176956    
   100.800880       119.272247    
   100.950882       119.367287    
   101.100883       119.462082    
   101.250885       119.556641    
   101.400894       119.650963    
   101.550896       119.745026    
   101.700897       119.838844    
   101.850899       119.932419    
   102.000908       120.025749    
   102.150909       120.118828    
   102.300911       120.211670    
   102.450912       120.304276    
   102.600922       120.396622    
   102.750923       120.488731    
   102.900925       120.580597    
   103.050926       120.672203    
   103.200935       120.763573    
   103.350937       120.854698    
   103.500938       120.945587    
   103.650940       121.036224    
   103.800949       121.126617    
   103.950951       121.216751    
   104.100952       121.306656    
   104.250954       121.396301    
   104.400963       121.485718    
   104.550964       121.574890    
   104.700966       121.663811    
   104.850967       121.752487    
   105.000977       121.840912    
   105.150978       121.929092    
   105.300980       122.017036    
   105.450981       122.104736    
   105.600990       122.192184    
   105.750992       122.279396    
   105.900993       122.366356    
   106.050995       122.453064    
   106.201004       122.539536    
   106.351006       122.625763    
   106.501007       122.711731    
   106.651009       122.797485    
   106.801018       122.882980    
   106.951019       122.968216    
   107.101021       123.053215    
   107.251022       123.137970    
   107.401031       123.222473    
   107.551033       123.306740    
   107.701035       123.390770    
   107.851036       123.474548    
   108.001045       123.558075    
   108.151047       123.641357    
   108.301048       123.724396    
   108.451050       123.807190    
   108.601059       123.889732    
   108.751060       123.972054    
   108.901062       124.054115    
   109.051064       124.135925    
   109.201073       124.217499    
   109.351074       124.298820    
   109.501076       124.379890    
   109.651077       124.460732    
   109.801086       124.541336    
   109.951088       124.621674    
   110.101089       124.701775    
   110.251091       124.781624    
   110.401100       124.861237    
   110.551102       124.940598    
   110.701103       125.019714    
   110.851105       125.098602    
   111.001114       125.177231    
   111.151115       125.255608    
   111.301117       125.333748    
   111.451118       125.411644    
   111.601128       125.489288    
   111.751129       125.566696    
   111.901131       125.643867    
   112.051132       125.720779    
   112.201141       125.797447    
   112.351143       125.873878    
   112.501144       125.950050    
   112.651146       126.025986    
   112.801147       126.101669    
   112.951157       126.177124    
   113.101158       126.252327    
   113.251160       126.327278    
   113.401161       126.401985    
   113.551170       126.476448    
   113.701172       126.550667    
   113.851173       126.624641    
   114.001175       126.698387    
   114.151184       126.771866    
   114.301186       126.845100    
   114.451187       126.918098    
   114.601189       126.990845    
   114.751198       127.063347    
   114.901199       127.135605    
   115.051201       127.207626    
   115.201202       127.279404    
   115.351212       127.350922    
   115.501213       127.422195    
   115.651215       127.493233    
   115.801216       127.564018    
   115.951225       127.634560    
   116.101227       127.704880    
   116.251228       127.774925    
   116.401230       127.844734    
   116.551239       127.914299    
   116.701241       127.983612    
   116.851242       128.052689    
   117.001244       128.121521    
   117.151253       128.190094    
   117.301254       128.258453    
   117.451256       128.326538    
   117.601257       128.394379    
   117.751266       128.461990    
   117.901268       128.529358    
   118.051270       128.596466    
   118.201271       128.663330    
   118.351280       128.729980    
   118.501282       128.796341    
   118.651283       128.862488    
   118.801285       128.928360    
   118.951294       128.994003    
   119.101295       129.059402    
   119.251297       129.124542    
   119.401299       129.189484    
   119.551308       129.254150    
   119.701309       129.318558    
   119.851311       129.382721    
   120.001305       129.446655    
   120.151314       129.510345    
   120.301315       129.573792    
   120.451317       129.636978    
   120.601318       129.699921    
   120.751328       129.762634    
   120.901329       129.825073    
   121.051331       129.887299    
   121.201332       129.949280    
   121.351341       130.011002    
   121.501343       130.072479    
   121.651344       130.133698    
   121.801346       130.194702    
   121.951355       130.255432    
   122.101357       130.315933    
   122.251358       130.376205    
   122.401360       130.436218    
   122.551369       130.495972    
   122.701370       130.555481    
   122.851372       130.614777    
   123.001373       130.673798    
   123.151382       130.732574    
   123.301384       130.791138    
   123.451385       130.849426    
   123.601387       130.907471    
   123.751396       130.965271    
   123.901398       131.022827    
   124.051399       131.080139    
   124.201401       131.137207    
   124.351410       131.194031    
   124.501411       131.250610    
   124.651413       131.306946    
   124.801414       131.363037    
   124.951424       131.418884    
   125.101425       131.474472    
   125.251427       131.529816    
   125.401428       131.584961    
   125.551437       131.639801    
   125.701439       131.694427    
   125.851440       131.748810    
   126.001442       131.802917    
   126.151451       131.856812    
   126.301453       131.910446    
   126.451454       131.963852    
   126.601456       132.016998    
   126.751465       132.069901    
   126.901466       132.122559    
   127.051468       132.174973    
   127.201469       132.227127    
   127.351479       132.279053    
   127.501480       132.330734    
   127.651482       132.382172    
   127.801483       132.433365    
   127.951492       132.484314    
   128.101486       132.535004    
   128.251495       132.585449    
   128.401505       132.635666    
   128.551498       132.685623    
   128.701508       132.735352    
   128.851517       132.784821    
   129.001511       132.834045    
   129.151520       132.883026    
   129.301514       132.931778    
   129.451523       132.980255    
   129.601532       133.028503    
   129.751526       133.076538    
   129.901535       133.124283    
   130.051544       133.171799    
   130.201538       133.219055    
   130.351547       133.266083    
   130.501541       133.312866    
   130.651550       133.359390    
   130.801559       133.405701    
   130.951553       133.451736    
   131.101562       133.497528    
   131.251572       133.543091    
   131.401566       133.588394    
   131.551575       133.633453    
   131.701569       133.678268    
   131.851578       133.722855    
   132.001587       133.767181    
   132.151581       133.811264    
   132.301590       133.855103    
   132.451599       133.898682    
   132.601593       133.942047    
   132.751602       133.985138    
   132.901596       134.028015    
   133.051605       134.070618    
   133.201614       134.112976    
   133.351608       134.155106    
   133.501617       134.196991    
   133.651627       134.238617    
   133.801620       134.279999    
   133.951630       134.321167    
   134.101624       134.362061    
   134.251633       134.402710    
   134.401642       134.443115    
   134.551636       134.483276    
   134.701645       134.523193    
   134.851654       134.562866    
   135.001648       134.602295    
   135.151657       134.641479    
   135.301651       134.680420    
   135.451660       134.719116    
   135.601669       134.757553    
   135.751663       134.795761    
   135.901672       134.833710    
   136.051682       134.871429    
   136.201675       134.908905    
   136.351685       134.946136    
   136.501678       134.983093    
   136.651688       135.019836    
   136.801697       135.056320    
   136.951691       135.092560    
   137.101700       135.128571    
   137.251709       135.164322    
   137.401703       135.199829    
   137.551712       135.235077    
   137.701706       135.270111    
   137.851715       135.304871    
   138.001724       135.339401    
   138.151718       135.373688    
   138.301727       135.407745    
   138.451736       135.441528    
   138.601730       135.475067    
   138.751740       135.508377    
   138.901733       135.541428    
   139.051743       135.574249    
   139.201752       135.606812    
   139.351746       135.639130    
   139.501755       135.671219    
   139.651764       135.703033    
   139.801758       135.734634    
   139.951767       135.765976    
   140.101761       135.797058    
   140.251770       135.827942    
   140.401779       135.858551    
   140.551773       135.888901    
   140.701782       135.919022    
   140.851791       135.948883    
   141.001785       135.978516    
   141.151794       136.007904    
   141.301788       136.037048    
   141.451797       136.065933    
   141.601807       136.094574    
   141.751801       136.122986    
   141.901810       136.151138    
   142.051819       136.179047    
   142.201813       136.206711    
   142.351822       136.234146    
   142.501816       136.261322    
   142.651825       136.288254    
   142.801834       136.314941    
   142.951828       136.341385    
   143.101837       136.367584    
   143.251846       136.393524    
   143.401840       136.419250    
   143.551849       136.444702    
   143.701843       136.469925    
   143.851852       136.494904    
   144.001862       136.519623    
   144.151855       136.544098    
   144.301865       136.568344    
   144.451874       136.592346    
   144.601868       136.616089    
   144.751877       136.639587    
   144.901871       136.662842    
   145.051880       136.685852    
   145.201889       136.708618    
   145.351883       136.731140    
   145.501892       136.753433    
   145.651901       136.775452    
   145.801895       136.797241    
   145.951904       136.818787    
   146.101898       136.840088    
   146.251907       136.861130    
   146.401917       136.881943    
   146.551910       136.902512    
   146.701920       136.922821    
   146.851929       136.942902    
   147.001923       136.962723    
   147.151932       136.982300    
   147.301926       137.001648    
   147.451935       137.020721    
   147.601944       137.039581    
   147.751938       137.058197    
   147.901947       137.076538    
   148.051956       137.094635    
   148.201950       137.112518    
   148.351959       137.130157    
   148.501953       137.147522    
   148.651962       137.164658    
   148.801971       137.181534    
   148.951965       137.198181    
   149.101974       137.214569    
   149.251984       137.230743    
   149.401978       137.246658    
   149.551987       137.262299    
   149.701981       137.277725    
   149.851990       137.292877    
   150.001999       137.307831    
   150.151993       137.322479    
   150.302002       137.336945    
   150.451996       137.351135    
   150.602005       137.365082    
   150.752014       137.378784    
   150.902008       137.392227    
   151.052017       137.405457    
   151.202026       137.418396    
   151.352020       137.431137    
   151.502029       137.443634    
   151.652023       137.455841    
   151.802032       137.467834    
   151.952042       137.479568    
   152.102036       137.491074    
   152.252045       137.502319    
   152.402054       137.513336    
   152.552048       137.524109    
   152.702057       137.534607    
   152.852051       137.544891    
   153.002060       137.554901    
   153.152069       137.564697    
   153.302063       137.574219    
   153.452072       137.583527    
   153.602081       137.592575    
   153.752075       137.601364    
   153.902084       137.609940    
   154.052078       137.618225    
   154.202087       137.626312    
   154.352097       137.634109    
   154.502090       137.641708    
   154.652100       137.649048    
   154.802109       137.656113    
   154.952103       137.662979    
   155.102112       137.669556    
   155.252106       137.675919    
   155.402115       137.682007    
   155.552124       137.687881    
   155.702118       137.693512    
   155.852127       137.698868    
   156.002136       137.704010    
   156.152130       137.708878    
   156.302139       137.713531    
   156.452133       137.717896    
   156.602142       137.722061    
   156.752151       137.725967    
   156.902145       137.729614    
   157.052155       137.733032    
   157.202164       137.736176    
   157.352158       137.739120    
   157.502167       137.741776    
   157.652161       137.744217    
   157.802170       137.746414    
   157.952179       137.748352    
   158.102173       137.750046    
   158.252182       137.751495    
   158.402191       137.752716    
   158.552185       137.753647    
   158.702194       137.754379    
   158.852188       137.754868    
   159.002197       137.755066    
   159.152206       137.755066    
   159.302200       137.754791    
   159.452209       137.754288    
   159.602219       137.753525    
   159.752213       137.752533    
   159.902222       137.751312    
   160.052216       137.749802    
   160.202225       137.748077    
   160.352234       137.746078    
   160.502228       137.743881    
   160.652237       137.741379    
   160.802246       137.738693    
   160.952240       137.735748    
   161.102249       137.732513    
   161.252243       137.729080    
   161.402252       137.725372    
   161.552261       137.721451    
   161.702255       137.717255    
   161.852264       137.712830    
   162.002274       137.708176    
   162.152267       137.703232    
   162.302277       137.698090    
   162.452271       137.692657    
   162.602280       137.687027    
   162.752289       137.681091    
   162.902283       137.674973    
   163.052292       137.668594    
   163.202301       137.661942    
   163.352295       137.655075    
   163.502304       137.647934    
   163.652298       137.640579    
   163.802307       137.632950    
   163.952316       137.625107    
   164.102310       137.617004    
   164.252319       137.608643    
   164.402328       137.600067    
   164.552322       137.591202    
   164.702332       137.582138    
   164.852325       137.572800    
   165.002335       137.563232    
   165.152344       137.553421    
   165.302338       137.543350    
   165.452347       137.533051    
   165.602356       137.522476    
   165.752350       137.511688    
   165.902359       137.500626    
   166.052353       137.489349    
   166.202362       137.477829    
   166.352371       137.466034    
   166.502365       137.454025    
   166.652374       137.441742    
   166.802383       137.429245    
   166.952377       137.416458    
   167.102386       137.403473    
   167.252380       137.390228    
   167.402390       137.376724    
   167.552399       137.362991    
   167.702393       137.348999    
   167.852402       137.334778    
   168.002411       137.320282    
   168.152405       137.305588    
   168.302414       137.290634    
   168.452408       137.275406    
   168.602417       137.259964    
   168.752426       137.244247    
   168.902420       137.228317    
   169.052429       137.212112    
   169.202438       137.195679    
   169.352432       137.179016    
   169.502441       137.162079    
   169.652435       137.144913    
   169.802444       137.127487    
   169.952454       137.109848    
   170.102448       137.091919    
   170.252457       137.073792    
   170.402466       137.055405    
   170.552460       137.036743    
   170.702469       137.017883    
   170.852463       136.998734    
   171.002472       136.979370    
   171.152481       136.959732    
   171.302475       136.939880    
   171.452484       136.919785    
   171.602493       136.899414    
   171.752487       136.878830    
   171.902496       136.857971    
   172.052490       136.836899    
   172.202499       136.815536    
   172.352509       136.793976    
   172.502502       136.772156    
   172.652512       136.750076    
   172.802521       136.727768    
   172.952515       136.705200    
   173.102524       136.682404    
   173.252518       136.659332    
   173.402527       136.636063    
   173.552536       136.612518    
   173.702530       136.588730    
   173.852539       136.564713    
   174.002548       136.540421    
   174.152542       136.515915    
   174.302551       136.491135    
   174.452545       136.466125    
   174.602554       136.440887    
   174.752563       136.415375    
   174.902557       136.389648    
   175.052567       136.363632    
   175.202576       136.337402    
   175.352570       136.310913    
   175.502579       136.284210    
   175.652573       136.257248    
   175.802582       136.230011    
   175.952591       136.202576    
   176.102585       136.174850    
   176.252594       136.146912    
   176.402603       136.118698    
   176.552597       136.090271    
   176.702606       136.061600    
   176.852600       136.032654    
   177.002609       136.003494    
   177.152618       135.974060    
   177.302612       135.944412    
   177.452621       135.914474    
   177.602631       135.884338    
   177.752625       135.853943    
   177.902634       135.823288    
   178.052628       135.792404    
   178.202637       135.761246    
   178.352646       135.729889    
   178.502640       135.698242    
   178.652649       135.666382    
   178.802658       135.634293    
   178.952652       135.601913    
   179.102661       135.569321    
   179.252655       135.536453    
   179.402664       135.503372    
   179.552673       135.470001    
   179.702667       135.436447    
   179.852676       135.402634    
   180.002670       135.368530    
   180.152679       135.334229    
   180.302689       135.299637    
   180.452682       135.264847    
   180.602692       135.229767    
   180.752701       135.194473    
   180.902695       135.158951    
   181.052704       135.123154    
   181.202698       135.087112    
   181.352707       135.050827    
   181.502716       135.014313    
   181.652710       134.977524    
   181.802719       134.940521    
   181.952728       134.903275    
   182.102722       134.865753    
   182.252731       134.828018    
   182.402725       134.790009    
   182.552734       134.751770    
   182.702744       134.713272    
   182.852737       134.674561    
   183.002747       134.635590    
   183.152756       134.596359    
   183.302750       134.556900    
   183.452759       134.517181    
   183.602753       134.477234    
   183.752762       134.437012    
   183.902771       134.396576    
   184.052765       134.355911    
   184.202774       134.314941    
   184.352783       134.273788    
   184.502777       134.232346    
   184.652786       134.190689    
   184.802780       134.148758    
   184.952789       134.106613    
   185.102798       134.064209    
   185.252792       134.021545    
   185.402802       133.978668    
   185.552811       133.935501    
   185.702805       133.892136    
   185.852814       133.848495    
   186.002808       133.804626    
   186.152817       133.760513    
   186.302826       133.716125    
   186.452820       133.671539    
   186.602829       133.626663    
   186.752838       133.581573    
   186.902832       133.536209    
   187.052841       133.490631    
   187.202835       133.444809    
   187.352844       133.398712    
   187.502853       133.352402    
   187.652847       133.305801    
   187.802856       133.259018    
   187.952866       133.211929    
   188.102859       133.164642    
   188.252869       133.117096    
   188.402863       133.069290    
   188.552872       133.021255    
   188.702881       132.972961    
   188.852875       132.924454    
   189.002884       132.875641    
   189.152893       132.826645    
   189.302887       132.777374    
   189.452896       132.727859    
   189.602890       132.678116    
   189.752899       132.628098    
   189.902908       132.577866    
   190.052902       132.527359    
   190.202911       132.476624    
   190.352921       132.425659    
   190.502914       132.374420    
   190.652924       132.322968    
   190.802917       132.271225    
   190.952927       132.219284    
   191.102936       132.167053    
   191.252930       132.114624    
   191.402939       132.061951    
   191.552948       132.008972    
   191.702942       131.955811    
   191.852951       131.902374    
   192.002945       131.848694    
   192.152954       131.794769    
   192.302963       131.740601    
   192.452957       131.686203    
   192.602966       131.631531    
   192.752975       131.576645    
   192.902969       131.521484    
   193.052979       131.466110    
   193.202972       131.410446    
   193.352982       131.354584    
   193.502991       131.298477    
   193.652985       131.242081    
   193.802994       131.185486    
   193.953003       131.128601    
   194.102997       131.071503    
   194.253006       131.014145    
   194.403000       130.956558    
   194.553009       130.898727    
   194.703018       130.840622    
   194.853012       130.782318    
   195.003021       130.723709    
   195.153030       130.664902    
   195.303024       130.605820    
   195.453033       130.546524    
   195.603027       130.486984    
   195.753036       130.427155    
   195.903046       130.367126    
   196.053040       130.306824    
   196.203049       130.246292    
   196.353058       130.185516    
   196.503052       130.124496    
   196.653061       130.063217    
   196.803055       130.001678    
   196.953064       129.939957    
   197.103073       129.877914    
   197.253067       129.815674    
   197.403076       129.753174    
   197.553085       129.690445    
   197.703079       129.627457    
   197.853088       129.564224    
   198.003082       129.500748    
   198.153091       129.437012    
   198.303101       129.373077    
   198.453094       129.308838    
   198.603104       129.244385    
   198.753113       129.179718    
   198.903107       129.114731    
   199.053116       129.049545    
   199.203110       128.984116    
   199.353119       128.918442    
   199.503128       128.852493    
   199.653122       128.786346    
   199.803131       128.719940    
   199.953140       128.653244    
   200.103134       128.586365    
   200.253143       128.519196    
   200.403137       128.451797    
   200.553146       128.384155    
   200.703156       128.316284    
   200.853149       128.248154    
   201.003159       128.179779    
   201.153168       128.111160    
   201.303162       128.042267    
   201.453171       127.973190    
   201.603165       127.903793    
   201.753174       127.834198    
   201.903183       127.764389    
   202.053177       127.694275    
   202.203186       127.623932    
   202.353195       127.553360    
   202.503189       127.482529    
   202.653198       127.411438    
   202.803192       127.340118    
   202.953201       127.268600    
   203.103210       127.196762    
   203.253204       127.124710    
   203.403214       127.052414    
   203.553223       126.979874    
   203.703217       126.907074    
   203.853226       126.834061    
   204.003220       126.760788    
   204.153229       126.687241    
   204.303238       126.613510    
   204.453232       126.539474    
   204.603241       126.465225    
   204.753250       126.390717    
   204.903244       126.315979    
   205.053253       126.240982    
   205.203247       126.165756    
   205.353256       126.090271    
   205.503265       126.014526    
   205.653259       125.938583    
   205.803268       125.862335    
   205.953278       125.785873    
   206.103271       125.709198    
   206.253281       125.632233    
   206.403275       125.555038    
   206.553284       125.477585    
   206.703293       125.399902    
   206.853287       125.321945    
   207.003296       125.243805    
   207.153305       125.165390    
   207.303299       125.086700    
   207.453308       125.007812    
   207.603302       124.928635    
   207.753311       124.849228    
   207.903320       124.769592    
   208.053314       124.689697    
   208.203323       124.609558    
   208.353333       124.529190    
   208.503326       124.448563    
   208.653336       124.367661    
   208.803329       124.286545    
   208.953339       124.205185    
   209.103348       124.123581    
   209.253342       124.041733    
   209.403351       123.959641    
   209.553360       123.877304    
   209.703354       123.794693    
   209.853363       123.711884    
   210.003357       123.628784    
   210.153366       123.545471    
   210.303375       123.461929    
   210.453369       123.378098    
   210.603378       123.294037    
   210.753372       123.209732    
   210.903381       123.125198    
   211.053391       123.040375    
   211.203384       122.955368    
   211.353394       122.870056    
   211.503403       122.784531    
   211.653397       122.698792    
   211.803406       122.612747    
   211.953400       122.526489    
   212.103409       122.439987    
   212.253418       122.353241    
   212.403412       122.266220    
   212.553421       122.179001    
   212.703430       122.091522    
   212.853424       122.003769    
   213.003433       121.915817    
   213.153427       121.827576    
   213.303436       121.739105    
   213.453445       121.650391    
   213.603439       121.561447    
   213.753448       121.472244    
   213.903458       121.382797    
   214.053452       121.293106    
   214.203461       121.203140    
   214.353455       121.112961    
   214.503464       121.022537    
   214.653473       120.931870    
   214.803467       120.840958    
   214.953476       120.749802    
   215.103485       120.658386    
   215.253479       120.566711    
   215.403488       120.474854    
   215.553482       120.382675    
   215.703491       120.290298    
   215.853500       120.197693    
   216.003494       120.104782    
   216.153503       120.011673    
   216.303513       119.918304    
   216.453506       119.824692    
   216.603516       119.730804    
   216.753510       119.636734    
   216.903519       119.542389    
   217.053528       119.447784    
   217.203522       119.352966    
   217.353531       119.257874    
   217.503540       119.162537    
   217.653534       119.066956    
   217.803543       118.971161    
   217.953537       118.875092    
   218.103546       118.778778    
   218.253555       118.682251    
   218.403549       118.585419    
   218.553558       118.488403    
   218.703568       118.391083    
   218.853561       118.293549    
   219.003571       118.195801    
   219.153564       118.097778    
   219.303574       117.999512    
   219.453583       117.901001    
   219.603577       117.802246    
   219.753586       117.703217    
   219.903595       117.603973    
   220.053589       117.504486    
   220.203598       117.404724    
   220.353592       117.304749    
   220.503601       117.204529    
   220.653610       117.104065    
   220.803604       117.003326    
   220.953613       116.902374    
   221.103622       116.801178    
   221.253616       116.699707    
   221.403625       116.598022    
   221.553619       116.496063    
   221.703629       116.393890    
   221.853638       116.291443    
   222.003632       116.188782    
   222.153641       116.085846    
   222.303650       115.982697    
   222.453644       115.879272    
   222.603653       115.775604    
   222.753647       115.671722    
   222.903656       115.567535    
   223.053665       115.463165    
   223.203659       115.358551    
   223.353668       115.253632    
   223.503677       115.148529    
   223.653671       115.043152    
   223.803680       114.937531    
   223.953674       114.831635    
   224.103683       114.725555    
   224.253693       114.619232    
   224.403687       114.512604    
   224.553696       114.405792    
   224.703705       114.298676    
   224.853699       114.191345    
   225.003708       114.083771    
   225.153702       113.975952    
   225.303711       113.867889    
   225.453720       113.759552    
   225.603714       113.651001    
   225.753723       113.542175    
   225.903732       113.433167    
   226.053726       113.323853    
   226.203735       113.214294    
   226.353729       113.104523    
   226.503738       112.994507    
   226.653748       112.884247    
   226.803741       112.773682    
   226.953751       112.662964    
   227.103760       112.551910    
   227.253754       112.440674    
   227.403763       112.329193    
   227.553757       112.217438    
   227.703766       112.105438    
   227.853775       111.993225    
   228.003769       111.880737    
   228.153778       111.768005    
   228.303787       111.655060    
   228.453781       111.541840    
   228.603790       111.428375    
   228.753784       111.314697    
   228.903793       111.200714    
   229.053802       111.086517    
   229.203796       110.972076    
   229.353806       110.857422    
   229.503815       110.742493    
   229.653809       110.627319    
   229.803818       110.511902    
   229.953812       110.396210    
   230.103821       110.280334    
   230.253830       110.164154    
   230.403824       110.047760    
   230.553833       109.931152    
   230.703842       109.814240    
   230.853836       109.697083    
   231.003845       109.579712    
   231.153839       109.462097    
   231.303848       109.344208    
   231.453857       109.226135    
   231.603851       109.107758    
   231.753860       108.989136    
   231.903870       108.870331    
   232.053864       108.751190    
   232.203873       108.631866    
   232.353867       108.512238    
   232.503876       108.392456    
   232.653885       108.272400    
   232.803879       108.152039    
   232.953888       108.031494    
   233.103897       107.910675    
   233.253891       107.789612    
   233.403900       107.668335    
   233.553894       107.546783    
   233.703903       107.424988    
   233.853912       107.302979    
   234.003906       107.180695    
   234.153915       107.058136    
   234.303925       106.935394    
   234.453918       106.812378    
   234.603928       106.689117    
   234.753922       106.565643    
   234.903931       106.441864    
   235.053940       106.317871    
   235.203934       106.193634    
   235.353943       106.069153    
   235.503952       105.944397    
   235.653946       105.819458    
   235.803955       105.694244    
   235.953949       105.568756    
   236.103958       105.443085    
   236.253967       105.317078    
   236.403961       105.190887    
   236.553970       105.064453    
   236.703979       104.937775    
   236.853973       104.810852    
   237.003983       104.683655    
   237.153976       104.556244    
   237.303986       104.428528    
   237.453995       104.300659    
   237.603989       104.172485    
   237.753998       104.044067    
   237.904007       103.915466    
   238.054001       103.786530    
   238.204010       103.657410    
   238.354004       103.527985    
   238.504013       103.398407    
   238.654022       103.268494    
   238.804016       103.138367    
   238.954025       103.008057    
   239.104034       102.877411    
   239.254028       102.746552    
   239.404037       102.615448    
   239.554031       102.484131    
   239.704041       102.352509    
   239.854050       102.220703    
   240.004044       102.088623    
   240.154053       101.956268    
   240.304047       101.823730    
   240.454056       101.690887    
   240.604065       101.557831    
   240.754059       101.424530    
   240.904068       101.290985    
   241.054077       101.157196    
   241.204071       101.023163    
   241.354080       100.888885    
   241.504074       100.754333    
   241.654083       100.619598    
   241.804092       100.484528    
   241.954086       100.349274    
   242.104095       100.213806    
   242.254105       100.078003    
   242.404099       99.9420166    
   242.554108       99.8057861    
   242.704102       99.6692810    
   242.854111       99.5325317    
   243.004120       99.3955688    
   243.154114       99.2583618    
   243.304123       99.1208801    
   243.454132       98.9831848    
   243.604126       98.8451843    
   243.754135       98.7070007    
   243.904129       98.5685120    
   244.054138       98.4298706    
   244.204147       98.2909241    
   244.354141       98.1517029    
   244.504150       98.0122986    
   244.654160       97.8726196    
   244.804153       97.7326965    
   244.954163       97.5925293    
   245.104156       97.4521179    
   245.254166       97.3114624    
   245.404175       97.1705627    
   245.554169       97.0294189    
   245.704178       96.8880310    
   245.854187       96.7464294    
   246.004181       96.6045227    
   246.154190       96.4623718    
   246.304184       96.3200378    
   246.454193       96.1773987    
   246.604202       96.0345459    
   246.754196       95.8914490    
   246.904205       95.7481079    
   247.054214       95.6044922    
   247.204208       95.4606628    
   247.354218       95.3165894    
   247.504211       95.1722412    
   247.654221       95.0276794    
   247.804230       94.8828430    
   247.954224       94.7377930    
   248.104233       94.5924683    
   248.254242       94.4469299    
   248.404236       94.3011169    
   248.554245       94.1550903    
   248.704239       94.0087891    
   248.854248       93.8622437    
   249.004257       93.7154846    
   249.154251       93.5684509    
   249.304260       93.4211731    
   249.454269       93.2736816    
   249.604263       93.1259155    
   249.754272       92.9779053    
   249.904266       92.8296204    
   250.054276       92.6811523    
   250.204285       92.5323792    
   250.354279       92.3834229    
   250.504288       92.2342224    
   250.654297       92.0847168    
   250.804291       91.9349976    
   250.954300       91.7850342    
   251.104294       91.6348267    
   251.254303       91.4843445    
   251.404312       91.3336792    
   251.554306       91.1827393    
   251.704315       91.0315247    
   251.854324       90.8801270    
   252.004318       90.7283936    
   252.154327       90.5764771    
   252.304321       90.4243164    
   252.454330       90.2719116    
   252.604340       90.1192322    
   252.754333       89.9663391    
   252.904343       89.8132019    
   253.054352       89.6597595    
   253.204346       89.5061646    
   253.354355       89.3522644    
   253.504349       89.1981201    
   253.654358       89.0437927    
   253.804367       88.8891296    
   253.954361       88.7342834    
   254.104370       88.5791626    
   254.254379       88.4238281    
   254.404373       88.2681885    
   254.554382       88.1123657    
   254.704376       87.9562988    
   254.854385       87.7999268    
   255.004395       87.6433716    
   255.154388       87.4865112    
   255.304398       87.3294678    
   255.454407       87.1721497    
   255.604401       87.0145874    
   255.754410       86.8567810    
   255.904404       86.6987000    
   256.054413       86.5404358    
   256.204407       86.3818665    
   256.354431       86.2230835    
   256.504425       86.0640564    
   256.654419       85.9047852    
   256.804443       85.7452698    
   256.954437       85.5855103    
   257.104431       85.4255066    
   257.254456       85.2652283    
   257.404449       85.1047668    
   257.554443       84.9439697    
   257.704437       84.7829895    
   257.854462       84.6217957    
   258.004456       84.4602966    
   258.154449       84.2985535    
   258.304474       84.1365967    
   258.454468       83.9743652    
   258.604462       83.8118896    
   258.754486       83.6492310    
   258.904480       83.4862671    
   259.054474       83.3230591    
   259.204498       83.1596375    
   259.354492       82.9959412    
   259.504486       82.8320007    
   259.654510       82.6678162    
   259.804504       82.5034180    
   259.954498       82.3387451    
   260.104492       82.1738281    
   260.254517       82.0086975    
   260.404510       81.8432617    
   260.554504       81.6776428    
   260.704529       81.5117188    
   260.854523       81.3455811    
   261.004517       81.1792603    
   261.154541       81.0126038    
   261.304535       80.8457336    
   261.454529       80.6786194    
   261.604553       80.5112610    
   261.754547       80.3436279    
   261.904541       80.1757812    
   262.054565       80.0077209    
   262.204559       79.8393250    
   262.354553       79.6707458    
   262.504547       79.5019226    
   262.654572       79.3328552    
   262.804565       79.1635132    
   262.954559       78.9939880    
   263.104584       78.8241577    
   263.254578       78.6540833    
   263.404572       78.4838257    
   263.554596       78.3132324    
   263.704590       78.1424561    
   263.854584       77.9714355    
   264.004608       77.8001404    
   264.154602       77.6286316    
   264.304596       77.4568481    
   264.454620       77.2848511    
   264.604614       77.1125488    
   264.754608       76.9400635    
   264.904602       76.7673035    
   265.054626       76.5942993    
   265.204620       76.4211121    
   265.354614       76.2475891    
   265.504639       76.0738525    
   265.654633       75.8998718    
   265.804626       75.7256775    
   265.954651       75.5511780    
   266.104645       75.3764954    
   266.254639       75.2015381    
   266.404663       75.0263062    
   266.554657       74.8508911    
   266.704651       74.6751709    
   266.854675       74.4992371    
   267.004669       74.3230591    
   267.154663       74.1466370    
   267.304657       73.9699707    
   267.454681       73.7930603    
   267.604675       73.6159058    
   267.754669       73.4384766    
   267.904694       73.2608337    
   268.054688       73.0829163    
   268.204681       72.9047852    
   268.354706       72.7264099    
   268.504700       72.5477905    
   268.654694       72.3688965    
   268.804718       72.1897583    
   268.954712       72.0104065    
   269.104706       71.8307800    
   269.254730       71.6509399    
   269.404724       71.4708557    
   269.554718       71.2904968    
   269.704712       71.1098938    
   269.854736       70.9290771    
   270.004730       70.7479858    
   270.154724       70.5666199    
   270.304749       70.3851013    
   270.454742       70.2032776    
   270.604736       70.0211792    
   270.754761       69.8389282    
   270.904755       69.6563416    
   271.054749       69.4735413    
   271.204773       69.2904968    
   271.354767       69.1072083    
   271.504761       68.9237061    
   271.654755       68.7399292    
   271.804779       68.5559082    
   271.954773       68.3716125    
   272.104767       68.1871338    
   272.254791       68.0023499    
   272.404785       67.8173523    
   272.554779       67.6321411    
   272.704803       67.4466248    
   272.854797       67.2608643    
   273.004791       67.0748901    
   273.154816       66.8886719    
   273.304810       66.7021790    
   273.454803       66.5154724    
   273.604828       66.3285217    
   273.754822       66.1412964    
   273.904816       65.9538574    
   274.054810       65.7661438    
   274.204834       65.5782166    
   274.354828       65.3900146    
   274.504822       65.2015991    
   274.654846       65.0129395    
   274.804840       64.8239746    
   274.954834       64.6348572    
   275.104858       64.4454041    
   275.254852       64.2557678    
   275.404846       64.0658569    
   275.554871       63.8757019    
   275.704865       63.6853333    
   275.854858       63.4946899    
   276.004883       63.3038025    
   276.154877       63.1126404    
   276.304871       62.9213257    
   276.454865       62.7296753    
   276.604889       62.5378113    
   276.754883       62.3457336    
   276.904877       62.1533508    
   277.054901       61.9607544    
   277.204895       61.7679138    
   277.354889       61.5748291    
   277.504913       61.3814697    
   277.654907       61.1879272    
   277.804901       60.9940796    
   277.954926       60.8000183    
   278.104919       60.6057434    
   278.254913       60.4111633    
   278.404938       60.2163696    
   278.554932       60.0213318    
   278.704926       59.8260193    
   278.854919       59.6304626    
   279.004944       59.4347229    
   279.154938       59.2386780    
   279.304932       59.0423889    
   279.454956       58.8458862    
   279.604950       58.6491089    
   279.754944       58.4521179    
   279.904968       58.2548218    
   280.054962       58.0573730    
   280.204956       57.8596191    
   280.354980       57.6616211    
   280.504974       57.4634094    
   280.654968       57.2649231    
   280.804993       57.0661926    
   280.954987       56.8672180    
   281.104980       56.6680298    
   281.254974       56.4685669    
   281.404999       56.2688599    
   281.554993       56.0689087    
   281.704987       55.8686829    
   281.855011       55.6683044    
   282.005005       55.4675903    
   282.154999       55.2666626    
   282.305023       55.0655212    
   282.455017       54.8640747    
   282.605011       54.6624146    
   282.755035       54.4605103    
   282.905029       54.2583618    
   283.055023       54.0559387    
   283.205048       53.8533325    
   283.355042       53.6504517    
   283.505035       53.4472961    
   283.655029       53.2439575    
   283.805054       53.0402832    
   283.955048       52.8364258    
   284.105042       52.6323242    
   284.255066       52.4279480    
   284.405060       52.2233582    
   284.555054       52.0185242    
   284.705078       51.8134155    
   284.855072       51.6080627    
   285.005066       51.4025269    
   285.155090       51.1966553    
   285.305084       50.9906006    
   285.455078       50.7842712    
   285.605103       50.5777283    
   285.755096       50.3709106    
   285.905090       50.1638184    
   286.055084       49.9565735    
   286.205109       49.7489929    
   286.355103       49.5411987    
   286.505096       49.3332214    
   286.655121       49.1249084    
   286.805115       48.9163818    
   286.955109       48.7076111    
   287.105133       48.4985962    
   287.255127       48.2893066    
   287.405121       48.0798645    
   287.555145       47.8701172    
   287.705139       47.6600952    
   287.855133       47.4498901    
   288.005157       47.2393799    
   288.155151       47.0286560    
   288.305145       46.8176880    
   288.455139       46.6064758    
   288.605164       46.3949890    
   288.755157       46.1832886    
   288.905151       45.9713440    
   289.055176       45.7591248    
   289.205170       45.5467224    
   289.355164       45.3339844    
   289.505188       45.1210632    
   289.655182       44.9079285    
   289.805176       44.6944885    
   289.955200       44.4808044    
   290.105194       44.2669067    
   290.255188       44.0527344    
   290.405212       43.8383179    
   290.555206       43.6236877    
   290.705200       43.4088135    
   290.855194       43.1936340    
   291.005219       42.9783020    
   291.155212       42.7626343    
   291.305206       42.5467529    
   291.455231       42.3306274    
   291.605225       42.1142883    
   291.755219       41.8976746    
   291.905243       41.6808167    
   292.055237       41.4637451    
   292.205231       41.2463684    
   292.355255       41.0287781    
   292.505249       40.8109436    
   292.655243       40.5928650    
   292.805267       40.3745422    
   292.955261       40.1560059    
   293.105255       39.9371948    
   293.255249       39.7181091    
   293.405273       39.4988403    
   293.555267       39.2792358    
   293.705261       39.0594482    
   293.855286       38.8394470    
   294.005280       38.6191406    
   294.155273       38.3986206    
   294.305298       38.1778564    
   294.455292       37.9568481    
   294.605286       37.7355347    
   294.755310       37.5140686    
   294.905304       37.2923279    
   295.055298       37.0702820    
   295.205322       36.8480835    
   295.355316       36.6255798    
   295.505310       36.4028320    
   295.655304       36.1799011    
   295.805328       35.9566650    
   295.955322       35.7331543    
   296.105316       35.5094604    
   296.255341       35.2855225    
   296.405334       35.0613098    
   296.555328       34.8368225    
   296.705353       34.6121521    
   296.855347       34.3872070    
   297.005341       34.1620483    
   297.155365       33.9366150    
   297.305359       33.7109070    
   297.455353       33.4849854    
   297.605377       33.2588501    
   297.755371       33.0324402    
   297.905365       32.8057861    
   298.055359       32.5788574    
   298.205383       32.3517151    
   298.355377       32.1243286    
   298.505371       31.8967285    
   298.655396       31.6687927    
   298.805389       31.4406738    
   298.955383       31.2123413    
   299.105408       30.9837341    
   299.255402       30.7548828    
   299.405396       30.5257568    
   299.555420       30.2964172    
   299.705414       30.0668030    
   299.855408       29.8370056    
